  2.000000000000000E-003  2.000000000000000E-003 -0.182844606382891     
  2.000000000000000E-003  0.298270416666667      -0.194021120267526     
  2.000000000000000E-003  0.594540833333333      -0.201946535146027     
  2.000000000000000E-003  0.890811250000000      -0.208434850240547     
  2.000000000000000E-003   1.18708166666667      -0.215095656531693     
  2.000000000000000E-003   1.48335208333333      -0.222393556434253     
  2.000000000000000E-003   1.77962250000000      -0.230375852332452     
  2.000000000000000E-003   2.07589291666667      -0.238772387727234     
  2.000000000000000E-003   2.37216333333333      -0.247076147147991     
  2.000000000000000E-003   2.66843375000000      -0.254621647886040     
  2.000000000000000E-003   2.96470416666667      -0.260895338163989     
  2.000000000000000E-003   3.26097458333333      -0.265287036723207     
  2.000000000000000E-003   3.55724500000000      -0.267279113399387     
  2.000000000000000E-003   3.85351541666667      -0.266670422164966     
  2.000000000000000E-003   4.14978583333333      -0.263671191056394     
  2.000000000000000E-003   4.44605625000000      -0.258817440338540     
  2.000000000000000E-003   4.74232666666667      -0.252746679210487     
  2.000000000000000E-003   5.03859708333333      -0.245999978676440     
  2.000000000000000E-003   5.33486750000000      -0.239273933296519     
  2.000000000000000E-003   5.63113791666667      -0.233073810300130     
  2.000000000000000E-003   5.92740833333333      -0.227662791687363     
  2.000000000000000E-003   6.22367875000000      -0.222997231750414     
  2.000000000000000E-003   6.51994916666667      -0.218653260922151     
  2.000000000000000E-003   6.81621958333333      -0.213065845972448     
  2.000000000000000E-003   7.11249000000000      -0.203974702430478     
  0.298270416666667       2.000000000000000E-003 -0.193938097524326     
  0.298270416666667       0.298270416666667      -0.205335285019531     
  0.298270416666667       0.594540833333333      -0.213809176077223     
  0.298270416666667       0.890811250000000      -0.221047004687788     
  0.298270416666667        1.18708166666667      -0.229015036068430     
  0.298270416666667        1.48335208333333      -0.238147101011095     
  0.298270416666667        1.77962250000000      -0.248297523481527     
  0.298270416666667        2.07589291666667      -0.259036105898267     
  0.298270416666667        2.37216333333333      -0.269604992056731     
  0.298270416666667        2.66843375000000      -0.279177731464881     
  0.298270416666667        2.96470416666667      -0.287094993507195     
  0.298270416666667        3.26097458333333      -0.292555381401594     
  0.298270416666667        3.55724500000000      -0.294884804006280     
  0.298270416666667        3.85351541666667      -0.293821859026922     
  0.298270416666667        4.14978583333333      -0.289637137025114     
  0.298270416666667        4.44605625000000      -0.283022345366074     
  0.298270416666667        4.74232666666667      -0.274805021880955     
  0.298270416666667        5.03859708333333      -0.265671612111081     
  0.298270416666667        5.33486750000000      -0.256473090566441     
  0.298270416666667        5.63113791666667      -0.247947127605898     
  0.298270416666667        5.92740833333333      -0.240482251501964     
  0.298270416666667        6.22367875000000      -0.234168566279866     
  0.298270416666667        6.51994916666667      -0.228565938335801     
  0.298270416666667        6.81621958333333      -0.222044456822682     
  0.298270416666667        7.11249000000000      -0.213148145406510     
  0.594540833333333       2.000000000000000E-003 -0.201802928448514     
  0.594540833333333       0.298270416666667      -0.213814800140965     
  0.594540833333333       0.594540833333333      -0.223589699481201     
  0.594540833333333       0.890811250000000      -0.232905335524526     
  0.594540833333333        1.18708166666667      -0.243340214975610     
  0.594540833333333        1.48335208333333      -0.255339144103736     
  0.594540833333333        1.77962250000000      -0.268669989572499     
  0.594540833333333        2.07589291666667      -0.282752758645796     
  0.594540833333333        2.37216333333333      -0.296604423205000     
  0.594540833333333        2.66843375000000      -0.309183641672663     
  0.594540833333333        2.96470416666667      -0.319579949783248     
  0.594540833333333        3.26097458333333      -0.326669609399221     
  0.594540833333333        3.55724500000000      -0.329531742894559     
  0.594540833333333        3.85351541666667      -0.327811982107383     
  0.594540833333333        4.14978583333333      -0.321875722850662     
  0.594540833333333        4.44605625000000      -0.312661145790213     
  0.594540833333333        4.74232666666667      -0.301316172055440     
  0.594540833333333        5.03859708333333      -0.288776863896151     
  0.594540833333333        5.33486750000000      -0.276099940453688     
  0.594540833333333        5.63113791666667      -0.264231745671232     
  0.594540833333333        5.92740833333333      -0.253688974566567     
  0.594540833333333        6.22367875000000      -0.244633906430214     
  0.594540833333333        6.51994916666667      -0.236652070163508     
  0.594540833333333        6.81621958333333      -0.228555453055399     
  0.594540833333333        7.11249000000000      -0.218798184036370     
  0.890811250000000       2.000000000000000E-003 -0.208241426669765     
  0.890811250000000       0.298270416666667      -0.220995461887102     
  0.890811250000000       0.594540833333333      -0.232896805401276     
  0.890811250000000       0.890811250000000      -0.245181865997710     
  0.890811250000000        1.18708166666667      -0.259061058939279     
  0.890811250000000        1.48335208333333      -0.274953369422638     
  0.890811250000000        1.77962250000000      -0.292663065056257     
  0.890811250000000        2.07589291666667      -0.311458294868024     
  0.890811250000000        2.37216333333333      -0.329975115233448     
  0.890811250000000        2.66843375000000      -0.347054354830693     
  0.890811250000000        2.96470416666667      -0.361240058174274     
  0.890811250000000        3.26097458333333      -0.370858711422024     
  0.890811250000000        3.55724500000000      -0.374572877291374     
  0.890811250000000        3.85351541666667      -0.371872566077388     
  0.890811250000000        4.14978583333333      -0.363281843038315     
  0.890811250000000        4.44605625000000      -0.350155162750622     
  0.890811250000000        4.74232666666667      -0.334186335601284     
  0.890811250000000        5.03859708333333      -0.316852693227161     
  0.890811250000000        5.33486750000000      -0.299325415667633     
  0.890811250000000        5.63113791666667      -0.282925721650857     
  0.890811250000000        5.92740833333333      -0.268324456704103     
  0.890811250000000        6.22367875000000      -0.255681188634245     
  0.890811250000000        6.51994916666667      -0.244641971366213     
  0.890811250000000        6.81621958333333      -0.234217682696674     
  0.890811250000000        7.11249000000000      -0.223191590555271     
   1.18708166666667       2.000000000000000E-003 -0.214872737700339     
   1.18708166666667       0.298270416666667      -0.228909920894939     
   1.18708166666667       0.594540833333333      -0.243299196581718     
   1.18708166666667       0.890811250000000      -0.259046105356612     
   1.18708166666667        1.18708166666667      -0.277133866696874     
   1.18708166666667        1.48335208333333      -0.298008020382647     
   1.18708166666667        1.77962250000000      -0.321504804623398     
   1.18708166666667        2.07589291666667      -0.346665131949887     
   1.18708166666667        2.37216333333333      -0.371944655961366     
   1.18708166666667        2.66843375000000      -0.395756228341861     
   1.18708166666667        2.96470416666667      -0.415761217875266     
   1.18708166666667        3.26097458333333      -0.429354053850505     
   1.18708166666667        3.55724500000000      -0.434445804030524     
   1.18708166666667        3.85351541666667      -0.430235455129232     
   1.18708166666667        4.14978583333333      -0.417542750840941     
   1.18708166666667        4.44605625000000      -0.398473208146155     
   1.18708166666667        4.74232666666667      -0.375646483067733     
   1.18708166666667        5.03859708333333      -0.351413737142503     
   1.18708166666667        5.33486750000000      -0.327373151509425     
   1.18708166666667        5.63113791666667      -0.305037973757520     
   1.18708166666667        5.92740833333333      -0.285312631026947     
   1.18708166666667        6.22367875000000      -0.268344476258366     
   1.18708166666667        6.51994916666667      -0.253735191629924     
   1.18708166666667        6.81621958333333      -0.240590306088801     
   1.18708166666667        7.11249000000000      -0.227887513513048     
   1.48335208333333       2.000000000000000E-003 -0.222161621953528     
   1.48335208333333       0.298270416666667      -0.238011577912982     
   1.48335208333333       0.594540833333333      -0.255269330187748     
   1.48335208333333       0.890811250000000      -0.274920257651203     
   1.48335208333333        1.18708166666667      -0.297995146009717     
   1.48335208333333        1.48335208333333      -0.325094011303884     
   1.48335208333333        1.77962250000000      -0.356052285217339     
   1.48335208333333        2.07589291666667      -0.389751173839386     
   1.48335208333333        2.37216333333333      -0.424774818971705     
   1.48335208333333        2.66843375000000      -0.458633139759996     
   1.48335208333333        2.96470416666667      -0.487683849828074     
   1.48335208333333        3.26097458333333      -0.507756910984277     
   1.48335208333333        3.55724500000000      -0.515162815841681     
   1.48335208333333        3.85351541666667      -0.508497015182196     
   1.48335208333333        4.14978583333333      -0.489190637807956     
   1.48335208333333        4.44605625000000      -0.460952214527574     
   1.48335208333333        4.74232666666667      -0.427955646984692     
   1.48335208333333        5.03859708333333      -0.393842961353265     
   1.48335208333333        5.33486750000000      -0.361104678437527     
   1.48335208333333        5.63113791666667      -0.331151931358700     
   1.48335208333333        5.92740833333333      -0.305058725740206     
   1.48335208333333        6.22367875000000      -0.282972070601721     
   1.48335208333333        6.51994916666667      -0.264314875800818     
   1.48335208333333        6.81621958333333      -0.248091936300885     
   1.48335208333333        7.11249000000000      -0.233309885414173     
   1.77962250000000       2.000000000000000E-003 -0.230152401503854     
   1.77962250000000       0.298270416666667      -0.248152779485449     
   1.77962250000000       0.594540833333333      -0.268584547924807     
   1.77962250000000       0.890811250000000      -0.292616270353118     
   1.77962250000000        1.18708166666667      -0.321481453183461     
   1.77962250000000        1.48335208333333      -0.356043200908298     
   1.77962250000000        1.77962250000000      -0.396258742213031     
   1.77962250000000        2.07589291666667      -0.441630506191009     
   1.77962250000000        2.37216333333333      -0.490486291026624     
   1.77962250000000        2.66843375000000      -0.539555606480029     
   1.77962250000000        2.96470416666667      -0.583344187201872     
   1.77962250000000        3.26097458333333      -0.614520197855240     
   1.77962250000000        3.55724500000000      -0.626089275313997     
   1.77962250000000        3.85351541666667      -0.615110645623931     
   1.77962250000000        4.14978583333333      -0.584560971855025     
   1.77962250000000        4.44605625000000      -0.541454342912079     
   1.77962250000000        4.74232666666667      -0.493124649196050     
   1.77962250000000        5.03859708333333      -0.445055130463675     
   1.77962250000000        5.33486750000000      -0.400497378965444     
   1.77962250000000        5.63113791666667      -0.361118892750080     
   1.77962250000000        5.92740833333333      -0.327409969380058     
   1.77962250000000        6.22367875000000      -0.299391765406754     
   1.77962250000000        6.51994916666667      -0.276205132515243     
   1.77962250000000        6.81621958333333      -0.256632090891403     
   1.77962250000000        7.11249000000000      -0.239503598896785     
   2.07589291666667       2.000000000000000E-003 -0.238571609691379     
   2.07589291666667       0.298270416666667      -0.258898535903504     
   2.07589291666667       0.594540833333333      -0.282664594042858     
   2.07589291666667       0.890811250000000      -0.311404977079856     
   2.07589291666667        1.18708166666667      -0.346634796885084     
   2.07589291666667        1.48335208333333      -0.389735709776175     
   2.07589291666667        1.77962250000000      -0.441624419830501     
   2.07589291666667        2.07589291666667      -0.502383061737611     
   2.07589291666667        2.37216333333333      -0.570772858895365     
   2.07589291666667        2.66843375000000      -0.643063788519877     
   2.07589291666667        2.96470416666667      -0.711235793402649     
   2.07589291666667        3.26097458333333      -0.762234518293457     
   2.07589291666667        3.55724500000000      -0.781583465850269     
   2.07589291666667        3.85351541666667      -0.762667362947405     
   2.07589291666667        4.14978583333333      -0.712151839051389     
   2.07589291666667        4.44605625000000      -0.644533726559552     
   2.07589291666667        4.74232666666667      -0.572860288555716     
   2.07589291666667        5.03859708333333      -0.505132144797683     
   2.07589291666667        5.33486750000000      -0.445059970652606     
   2.07589291666667        5.63113791666667      -0.393862209009818     
   2.07589291666667        5.92740833333333      -0.351456613866371     
   2.07589291666667        6.22367875000000      -0.316925734764240     
   2.07589291666667        6.51994916666667      -0.288885924418179     
   2.07589291666667        6.81621958333333      -0.265824525212950     
   2.07589291666667        7.11249000000000      -0.246206884091719     
   2.37216333333333       2.000000000000000E-003 -0.246908262517367     
   2.37216333333333       0.298270416666667      -0.269485490841613     
   2.37216333333333       0.594540833333333      -0.296522716905238     
   2.37216333333333       0.890811250000000      -0.329921311838616     
   2.37216333333333        1.18708166666667      -0.371911033422589     
   2.37216333333333        1.48335208333333      -0.424755312312290     
   2.37216333333333        1.77962250000000      -0.490475524947672     
   2.37216333333333        2.07589291666667      -0.570767746994870     
   2.37216333333333        2.37216333333333      -0.666064760209459     
   2.37216333333333        2.66843375000000      -0.773403409614985     
   2.37216333333333        2.96470416666667      -0.882138155995274     
   2.37216333333333        3.26097458333333      -0.969191406295509     
   2.37216333333333        3.55724500000000       -1.00354038374768     
   2.37216333333333        3.85351541666667      -0.969457391613379     
   2.37216333333333        4.14978583333333      -0.882746822010527     
   2.37216333333333        4.44605625000000      -0.774448903155990     
   2.37216333333333        4.74232666666667      -0.667614845179853     
   2.37216333333333        5.03859708333333      -0.572859733623512     
   2.37216333333333        5.33486750000000      -0.493127759291756     
   2.37216333333333        5.63113791666667      -0.427971590301353     
   2.37216333333333        5.92740833333333      -0.375685071411228     
   2.37216333333333        6.22367875000000      -0.334252882373915     
   2.37216333333333        6.51994916666667      -0.301413217350613     
   2.37216333333333        6.81621958333333      -0.274935716832494     
   2.37216333333333        7.11249000000000      -0.252917404142758     
   2.66843375000000       2.000000000000000E-003 -0.254490316843234     
   2.66843375000000       0.298270416666667      -0.279081328644158     
   2.66843375000000       0.594540833333333      -0.309114237905341     
   2.66843375000000       0.890811250000000      -0.347005642628794     
   2.66843375000000        1.18708166666667      -0.395723646414697     
   2.66843375000000        1.48335208333333      -0.458612381090831     
   2.66843375000000        1.77962250000000      -0.539541792266408     
   2.66843375000000        2.07589291666667      -0.643054370804191     
   2.66843375000000        2.37216333333333      -0.773397796645049     
   2.66843375000000        2.66843375000000      -0.931006311880650     
   2.66843375000000        2.96470416666667       -1.10333827923317     
   2.66843375000000        3.26097458333333       -1.25180821299225     
   2.66843375000000        3.55724500000000       -1.31365434464929     
   2.66843375000000        3.85351541666667       -1.25190202827458     
   2.66843375000000        4.14978583333333       -1.10365120422051     
   2.66843375000000        4.44605625000000      -0.931657095786532     
   2.66843375000000        4.74232666666667      -0.774449427642613     
   2.66843375000000        5.03859708333333      -0.644531904412400     
   2.66843375000000        5.33486750000000      -0.541453593773281     
   2.66843375000000        5.63113791666667      -0.460960686971859     
   2.66843375000000        5.92740833333333      -0.398500624257606     
   2.66843375000000        6.22367875000000      -0.350206219062184     
   2.66843375000000        6.51994916666667      -0.312736278897197     
   2.66843375000000        6.81621958333333      -0.283122008341398     
   2.66843375000000        7.11249000000000      -0.258945609913190     
   2.96470416666667       2.000000000000000E-003 -0.260804793870658     
   2.96470416666667       0.298270416666667      -0.287026930087312     
   2.96470416666667       0.594540833333333      -0.319529098817637     
   2.96470416666667       0.890811250000000      -0.361202830537452     
   2.96470416666667        1.18708166666667      -0.415735217773126     
   2.96470416666667        1.48335208333333      -0.487665939849464     
   2.96470416666667        1.77962250000000      -0.583330910510643     
   2.96470416666667        2.07589291666667      -0.711224816453135     
   2.96470416666667        2.37216333333333      -0.882127881717053     
   2.96470416666667        2.66843375000000       -1.10332967827409     
   2.96470416666667        2.96470416666667       -1.35852378184647     
   2.96470416666667        3.26097458333333       -1.58385100558783     
   2.96470416666667        3.55724500000000       -1.67949160036442     
   2.96470416666667        3.85351541666667       -1.58378572110904     
   2.96470416666667        4.14978583333333       -1.35859805661376     
   2.96470416666667        4.44605625000000       -1.10365832207613     
   2.96470416666667        4.74232666666667      -0.882750713436086     
   2.96470416666667        5.03859708333333      -0.712150182158230     
   2.96470416666667        5.33486750000000      -0.584557097809327     
   2.96470416666667        5.63113791666667      -0.489191572267540     
   2.96470416666667        5.92740833333333      -0.417556772915840     
   2.96470416666667        6.22367875000000      -0.363313174142167     
   2.96470416666667        6.51994916666667      -0.321923961581694     
   2.96470416666667        6.81621958333333      -0.289701447609916     
   2.96470416666667        7.11249000000000      -0.263753631419179     
   3.26097458333333       2.000000000000000E-003 -0.265241487973991     
   3.26097458333333       0.298270416666667      -0.292520795539684     
   3.26097458333333       0.594540833333333      -0.326643600798011     
   3.26097458333333       0.890811250000000      -0.370839602333849     
   3.26097458333333        1.18708166666667      -0.429340646423996     
   3.26097458333333        1.48335208333333      -0.507747244518755     
   3.26097458333333        1.77962250000000      -0.614512487892235     
   3.26097458333333        2.07589291666667      -0.762227217937643     
   3.26097458333333        2.37216333333333      -0.969182703654479     
   3.26097458333333        2.66843375000000       -1.25179632217574     
   3.26097458333333        2.96470416666667       -1.58383756822067     
   3.26097458333333        3.26097458333333       -1.84134209147840     
   3.26097458333333        3.55724500000000       -1.93933084543834     
   3.26097458333333        3.85351541666667       -1.84119099031982     
   3.26097458333333        4.14978583333333       -1.58380004296184     
   3.26097458333333        4.44605625000000       -1.25191452235264     
   3.26097458333333        4.74232666666667      -0.969462676303811     
   3.26097458333333        5.03859708333333      -0.762665653846995     
   3.26097458333333        5.33486750000000      -0.615104837472021     
   3.26097458333333        5.63113791666667      -0.508492095381025     
   3.26097458333333        5.92740833333333      -0.430237175140871     
   3.26097458333333        6.22367875000000      -0.371884017629547     
   3.26097458333333        6.51994916666667      -0.327832558005322     
   3.26097458333333        6.81621958333333      -0.293850100803041     
   3.26097458333333        7.11249000000000      -0.266706879674878     
   3.55724500000000       2.000000000000000E-003 -0.267281355431776     
   3.55724500000000       0.298270416666667      -0.294887437476699     
   3.55724500000000       0.594540833333333      -0.329535229706525     
   3.55724500000000       0.890811250000000      -0.374576849412677     
   3.55724500000000        1.18708166666667      -0.434449516268720     
   3.55724500000000        1.48335208333333      -0.515165529349704     
   3.55724500000000        1.77962250000000      -0.626090975905016     
   3.55724500000000        2.07589291666667      -0.781584679012054     
   3.55724500000000        2.37216333333333       -1.00354190876222     
   3.55724500000000        2.66843375000000       -1.31365703271369     
   3.55724500000000        2.96470416666667       -1.67949511565136     
   3.55724500000000        3.26097458333333       -1.93933283402730     
   3.55724500000000        3.55724500000000       -2.08037905892552     
   3.55724500000000        3.85351541666667       -1.93932961993225     
   3.55724500000000        4.14978583333333       -1.67949077577476     
   3.55724500000000        4.44605625000000       -1.31365538020636     
   3.55724500000000        4.74232666666667       -1.00354005424992     
   3.55724500000000        5.03859708333333      -0.781579518798644     
   3.55724500000000        5.33486750000000      -0.626081573876638     
   3.55724500000000        5.63113791666667      -0.515153361291173     
   3.55724500000000        5.92740833333333      -0.434437125679276     
   3.55724500000000        6.22367875000000      -0.374566200542494     
   3.55724500000000        6.51994916666667      -0.329526168710641     
   3.55724500000000        6.81621958333333      -0.294878352268200     
   3.55724500000000        7.11249000000000      -0.267270595102609     
   3.85351541666667       2.000000000000000E-003 -0.266720833724586     
   3.85351541666667       0.298270416666667      -0.293862620497076     
   3.85351541666667       0.594540833333333      -0.327846213281888     
   3.85351541666667       0.890811250000000      -0.371900903371557     
   3.85351541666667        1.18708166666667      -0.430257184533311     
   3.85351541666667        1.48335208333333      -0.508512362724269     
   3.85351541666667        1.77962250000000      -0.615121431066065     
   3.85351541666667        2.07589291666667      -0.762676341785040     
   3.85351541666667        2.37216333333333      -0.969468296186685     
   3.85351541666667        2.66843375000000       -1.25191852222986     
   3.85351541666667        2.96470416666667       -1.58380548113113     
   3.85351541666667        3.26097458333333       -1.84119500535232     
   3.85351541666667        3.55724500000000       -1.93933187860873     
   3.85351541666667        3.85351541666667       -1.84133919559142     
   3.85351541666667        4.14978583333333       -1.58383680652038     
   3.85351541666667        4.44605625000000       -1.25179823338735     
   3.85351541666667        4.74232666666667      -0.969184438322383     
   3.85351541666667        5.03859708333333      -0.762226800039004     
   3.85351541666667        5.33486750000000      -0.614509472472104     
   3.85351541666667        5.63113791666667      -0.507742458856530     
   3.85351541666667        5.92740833333333      -0.429335591943726     
   3.85351541666667        6.22367875000000      -0.370835413556944     
   3.85351541666667        6.51994916666667      -0.326639659312568     
   3.85351541666667        6.81621958333333      -0.292515742407958     
   3.85351541666667        7.11249000000000      -0.265234333928157     
   4.14978583333333       2.000000000000000E-003 -0.263767331002937     
   4.14978583333333       0.298270416666667      -0.289713486476434     
   4.14978583333333       0.594540833333333      -0.321937716760290     
   4.14978583333333       0.890811250000000      -0.363331183984266     
   4.14978583333333        1.18708166666667      -0.417578957793602     
   4.14978583333333        1.48335208333333      -0.489214580432018     
   4.14978583333333        1.77962250000000      -0.584576197737861     
   4.14978583333333        2.07589291666667      -0.712162516477963     
   4.14978583333333        2.37216333333333      -0.882756977793628     
   4.14978583333333        2.66843375000000       -1.10366199815693     
   4.14978583333333        2.96470416666667       -1.35860237070798     
   4.14978583333333        3.26097458333333       -1.58379056166082     
   4.14978583333333        3.55724500000000       -1.67949475148994     
   4.14978583333333        3.85351541666667       -1.58385314278308     
   4.14978583333333        4.14978583333333       -1.35852646857755     
   4.14978583333333        4.44605625000000       -1.10333281665321     
   4.14978583333333        4.74232666666667      -0.882129524790727     
   4.14978583333333        5.03859708333333      -0.711224288589029     
   4.14978583333333        5.33486750000000      -0.583328414266549     
   4.14978583333333        5.63113791666667      -0.487662302655617     
   4.14978583333333        5.92740833333333      -0.415731890991945     
   4.14978583333333        6.22367875000000      -0.361200656859251     
   4.14978583333333        6.51994916666667      -0.319527065426588     
   4.14978583333333        6.81621958333333      -0.287023473101131     
   4.14978583333333        7.11249000000000      -0.260798950075658     
   4.44605625000000       2.000000000000000E-003 -0.258954769073668     
   4.44605625000000       0.298270416666667      -0.283128766290992     
   4.44605625000000       0.594540833333333      -0.312744202641129     
   4.44605625000000       0.890811250000000      -0.350218211064942     
   4.44605625000000        1.18708166666667      -0.398516929399591     
   4.44605625000000        1.48335208333333      -0.460978276854174     
   4.44605625000000        1.77962250000000      -0.541467741673502     
   4.44605625000000        2.07589291666667      -0.644539746817824     
   4.44605625000000        2.37216333333333      -0.774451523578208     
   4.44605625000000        2.66843375000000      -0.931656750970047     
   4.44605625000000        2.96470416666667       -1.10365204787905     
   4.44605625000000        3.26097458333333       -1.25190528789003     
   4.44605625000000        3.55724500000000       -1.31365840319834     
   4.44605625000000        3.85351541666667       -1.25181256809578     
   4.44605625000000        4.14978583333333       -1.10334147694924     
   4.44605625000000        4.44605625000000      -0.931006920871252     
   4.44605625000000        4.74232666666667      -0.773394729647753     
   4.44605625000000        5.03859708333333      -0.643047519235622     
   4.44605625000000        5.33486750000000      -0.539532267466179     
   4.44605625000000        5.63113791666667      -0.458601765760405     
   4.44605625000000        5.92740833333333      -0.395714711461887     
   4.44605625000000        6.22367875000000      -0.346999443484279     
   4.44605625000000        6.51994916666667      -0.309109525541689     
   4.44605625000000        6.81621958333333      -0.279075977631526     
   4.44605625000000        7.11249000000000      -0.254482759158882     
   4.74232666666667       2.000000000000000E-003 -0.252920053509568     
   4.74232666666667       0.298270416666667      -0.274934689559740     
   4.74232666666667       0.594540833333333      -0.301411724078719     
   4.74232666666667       0.890811250000000      -0.334253937503174     
   4.74232666666667        1.18708166666667      -0.375689513067412     
   4.74232666666667        1.48335208333333      -0.427977527212872     
   4.74232666666667        1.77962250000000      -0.493131342860924     
   4.74232666666667        2.07589291666667      -0.572858472450258     
   4.74232666666667        2.37216333333333      -0.667609196352601     
   4.74232666666667        2.66843375000000      -0.774441814884176     
   4.74232666666667        2.96470416666667      -0.882741641056353     
   4.74232666666667        3.26097458333333      -0.969455879567734     
   4.74232666666667        3.55724500000000       -1.00354178398225     
   4.74232666666667        3.85351541666667      -0.969193778291993     
   4.74232666666667        4.14978583333333      -0.882138676704572     
   4.74232666666667        4.44605625000000      -0.773399422566443     
   4.74232666666667        4.74232666666667      -0.666054357421535     
   4.74232666666667        5.03859708333333      -0.570750951964595     
   4.74232666666667        5.33486750000000      -0.490454108753933     
   4.74232666666667        5.63113791666667      -0.424732869143031     
   4.74232666666667        5.92740833333333      -0.371892100608291     
   4.74232666666667        6.22367875000000      -0.329907488904810     
   4.74232666666667        6.51994916666667      -0.296512702020648     
   4.74232666666667        6.81621958333333      -0.269476432337521     
   4.74232666666667        7.11249000000000      -0.246897490715431     
   5.03859708333333       2.000000000000000E-003 -0.246204867571858     
   5.03859708333333       0.298270416666667      -0.265817579615848     
   5.03859708333333       0.594540833333333      -0.288876135538873     
   5.03859708333333       0.890811250000000      -0.316915927097379     
   5.03859708333333        1.18708166666667      -0.351448692971510     
   5.03859708333333        1.48335208333333      -0.393855816583442     
   5.03859708333333        1.77962250000000      -0.445052824830060     
   5.03859708333333        2.07589291666667      -0.505122070113669     
   5.03859708333333        2.37216333333333      -0.572847302414515     
   5.03859708333333        2.66843375000000      -0.644520076617958     
   5.03859708333333        2.96470416666667      -0.712140593383587     
   5.03859708333333        3.26097458333333      -0.762660406509071     
   5.03859708333333        3.55724500000000      -0.781580852980490     
   5.03859708333333        3.85351541666667      -0.762233939207153     
   5.03859708333333        4.14978583333333      -0.711233723292743     
   5.03859708333333        4.44605625000000      -0.643056023556260     
   5.03859708333333        4.74232666666667      -0.570756478701303     
   5.03859708333333        5.03859708333333      -0.502357538684032     
   5.03859708333333        5.33486750000000      -0.441592137019829     
   5.03859708333333        5.63113791666667      -0.389703017081604     
   5.03859708333333        5.92740833333333      -0.346607096183785     
   5.03859708333333        6.22367875000000      -0.311384523344044     
   5.03859708333333        6.51994916666667      -0.282650305553697     
   5.03859708333333        6.81621958333333      -0.258886984618591     
   5.03859708333333        7.11249000000000      -0.238559151065829     
   5.33486750000000       2.000000000000000E-003 -0.239499478793499     
   5.33486750000000       0.298270416666667      -0.256623194506024     
   5.33486750000000       0.594540833333333      -0.276192031523888     
   5.33486750000000       0.890811250000000      -0.299376240826245     
   5.33486750000000        1.18708166666667      -0.327394579587709     
   5.33486750000000        1.48335208333333      -0.361105379276754     
   5.33486750000000        1.77962250000000      -0.400484928620683     
   5.33486750000000        2.07589291666667      -0.445041771864450     
   5.33486750000000        2.37216333333333      -0.493109307726813     
   5.33486750000000        2.66843375000000      -0.541438068284484     
   5.33486750000000        2.96470416666667      -0.584546196586688     
   5.33486750000000        3.26097458333333      -0.615099804678860     
   5.33486750000000        3.55724500000000      -0.626083326117772     
   5.33486750000000        3.85351541666667      -0.614517672970782     
   5.33486750000000        4.14978583333333      -0.583341329704191     
   5.33486750000000        4.44605625000000      -0.539547414702446     
   5.33486750000000        4.74232666666667      -0.490468509413469     
   5.33486750000000        5.03859708333333      -0.441601959981632     
   5.33486750000000        5.33486750000000      -0.396223390929478     
   5.33486750000000        5.63113791666667      -0.356007434752767     
   5.33486750000000        5.92740833333333      -0.321450860999704     
   5.33486750000000        6.22367875000000      -0.292593375501430     
   5.33486750000000        6.51994916666667      -0.268568446043402     
   5.33486750000000        6.81621958333333      -0.248140126468450     
   5.33486750000000        7.11249000000000      -0.230139304387606     
   5.63113791666667       2.000000000000000E-003 -0.233304905417644     
   5.63113791666667       0.298270416666667      -0.248084179371073     
   5.63113791666667       0.594540833333333      -0.264303300036758     
   5.63113791666667       0.890811250000000      -0.282957172159293     
   5.63113791666667        1.18708166666667      -0.305043247819241     
   5.63113791666667        1.48335208333333      -0.331138873733423     
   5.63113791666667        1.77962250000000      -0.361094702273984     
   5.63113791666667        2.07589291666667      -0.393833933242488     
   5.63113791666667        2.37216333333333      -0.427945047286101     
   5.63113791666667        2.66843375000000      -0.460939338321144     
   5.63113791666667        2.96470416666667      -0.489177022162076     
   5.63113791666667        3.26097458333333      -0.508485651350129     
   5.63113791666667        3.55724500000000      -0.515156068656806     
   5.63113791666667        3.85351541666667      -0.507754574520526     
   5.63113791666667        4.14978583333333      -0.487682884414379     
   5.63113791666667        4.44605625000000      -0.458628437447348     
   5.63113791666667        4.74232666666667      -0.424761824144914     
   5.63113791666667        5.03859708333333      -0.389728730305782     
   5.63113791666667        5.33486750000000      -0.356023276984792     
   5.63113791666667        5.63113791666667      -0.325063755001615     
   5.63113791666667        5.92740833333333      -0.297968348485544     
   5.63113791666667        6.22367875000000      -0.274899847734973     
   5.63113791666667        6.51994916666667      -0.255254912873686     
   5.63113791666667        6.81621958333333      -0.237999849051705     
   5.63113791666667        7.11249000000000      -0.222148726957183     
   5.92740833333333       2.000000000000000E-003 -0.227881639563063     
   5.92740833333333       0.298270416666667      -0.240585413665760     
   5.92740833333333       0.594540833333333      -0.253727900871781     
   5.92740833333333       0.890811250000000      -0.268333875850631     
   5.92740833333333        1.18708166666667      -0.285301877948299     
   5.92740833333333        1.48335208333333      -0.305030907479942     
   5.92740833333333        1.77962250000000      -0.327370948689805     
   5.92740833333333        2.07589291666667      -0.351413968358145     
   5.92740833333333        2.37216333333333      -0.375645185996065     
   5.92740833333333        2.66843375000000      -0.398468044780361     
   5.92740833333333        2.96470416666667      -0.417534407795644     
   5.92740833333333        3.26097458333333      -0.430227032303184     
   5.92740833333333        3.55724500000000      -0.434440820431462     
   5.92740833333333        3.85351541666667      -0.429354032667360     
   5.92740833333333        4.14978583333333      -0.415764467821605     
   5.92740833333333        4.44605625000000      -0.395758472474560     
   5.92740833333333        4.74232666666667      -0.371941469240395     
   5.92740833333333        5.03859708333333      -0.346654457418210     
   5.92740833333333        5.33486750000000      -0.321488050440032     
   5.92740833333333        5.63113791666667      -0.297988624392828     
   5.92740833333333        5.92740833333333      -0.277116065045409     
   5.92740833333333        6.22367875000000      -0.259033074594373     
   5.92740833333333        6.51994916666667      -0.243290690917235     
   5.92740833333333        6.81621958333333      -0.228901975788955     
   5.92740833333333        7.11249000000000      -0.214860976168028     
   6.22367875000000       2.000000000000000E-003 -0.223184134430134     
   6.22367875000000       0.298270416666667      -0.234216627259712     
   6.22367875000000       0.594540833333333      -0.244638955935862     
   6.22367875000000       0.890811250000000      -0.255674407447501     
   6.22367875000000        1.18708166666667      -0.268318500773130     
   6.22367875000000        1.48335208333333      -0.282925036515722     
   6.22367875000000        1.77962250000000      -0.299331008630486     
   6.22367875000000        2.07589291666667      -0.316861523617902     
   6.22367875000000        2.37216333333333      -0.334193398684786     
   6.22367875000000        2.66843375000000      -0.350157195317542     
   6.22367875000000        2.96470416666667      -0.363278821684599     
   6.22367875000000        3.26097458333333      -0.371867579614052     
   6.22367875000000        3.55724500000000      -0.374570167440160     
   6.22367875000000        3.85351541666667      -0.370861082830358     
   6.22367875000000        4.14978583333333      -0.361247161344894     
   6.22367875000000        4.44605625000000      -0.347062888064967     
   6.22367875000000        4.74232666666667      -0.329980898881596     
   6.22367875000000        5.03859708333333      -0.311458809138292     
   6.22367875000000        5.33486750000000      -0.292658325164202     
   6.22367875000000        5.63113791666667      -0.274945351776199     
   6.22367875000000        5.92740833333333      -0.259053588074933     
   6.22367875000000        6.22367875000000      -0.245178645540985     
   6.22367875000000        6.51994916666667      -0.232897900233115     
   6.22367875000000        6.81621958333333      -0.220994574954305     
   6.22367875000000        7.11249000000000      -0.208231077113766     
   6.51994916666667       2.000000000000000E-003 -0.218789047102466     
   6.51994916666667       0.298270416666667      -0.228557494252015     
   6.51994916666667       0.594540833333333      -0.236648996179627     
   6.51994916666667       0.890811250000000      -0.244627030899429     
   6.51994916666667        1.18708166666667      -0.253684635468243     
   6.51994916666667        1.48335208333333      -0.264233797305318     
   6.51994916666667        1.77962250000000      -0.276108613086541     
   6.51994916666667        2.07589291666667      -0.288788802743002     
   6.51994916666667        2.37216333333333      -0.301326230454649     
   6.51994916666667        2.66843375000000      -0.312665831901413     
   6.51994916666667        2.96470416666667      -0.321874823178865     
   6.51994916666667        3.26097458333333      -0.327808385019841     
   6.51994916666667        3.55724500000000      -0.329529669564014     
   6.51994916666667        3.85351541666667      -0.326672097529414     
   6.51994916666667        4.14978583333333      -0.319587427847262     
   6.51994916666667        4.44605625000000      -0.309193756568661     
   6.51994916666667        4.74232666666667      -0.296613715385647     
   6.51994916666667        5.03859708333333      -0.282758759843218     
   6.51994916666667        5.33486750000000      -0.268671848903581     
   6.51994916666667        5.63113791666667      -0.255337935171321     
   6.51994916666667        5.92740833333333      -0.243339285590869     
   6.51994916666667        6.22367875000000      -0.232909390402687     
   6.51994916666667        6.51994916666667      -0.223600665914541     
   6.51994916666667        6.81621958333333      -0.213823586332255     
   6.51994916666667        7.11249000000000      -0.201793731592622     
   6.81621958333333       2.000000000000000E-003 -0.213139570160090     
   6.81621958333333       0.298270416666667      -0.222040736401660     
   6.81621958333333       0.594540833333333      -0.228556584694629     
   6.81621958333333       0.890811250000000      -0.234159532962502     
   6.81621958333333        1.18708166666667      -0.240477155067659     
   6.81621958333333        1.48335208333333      -0.247947707505411     
   6.81621958333333        1.77962250000000      -0.256478921557259     
   6.81621958333333        2.07589291666667      -0.265679798943698     
   6.81621958333333        2.37216333333333      -0.274811423760531     
   6.81621958333333        2.66843375000000      -0.283024263732506     
   6.81621958333333        2.96470416666667      -0.289634524570163     
   6.81621958333333        3.26097458333333      -0.293816954066891     
   6.81621958333333        3.55724500000000      -0.294881014046993     
   6.81621958333333        3.85351541666667      -0.292555136572673     
   6.81621958333333        4.14978583333333      -0.287098793261685     
   6.81621958333333        4.44605625000000      -0.279183902673919     
   6.81621958333333        4.74232666666667      -0.269611109051325     
   6.81621958333333        5.03859708333333      -0.259040381369341     
   6.81621958333333        5.33486750000000      -0.248298943159283     
   6.81621958333333        5.63113791666667      -0.238145855401960     
   6.81621958333333        5.92740833333333      -0.229013312318936     
   6.81621958333333        6.22367875000000      -0.221049201067694     
   6.81621958333333        6.51994916666667      -0.213819474221283     
   6.81621958333333        6.81621958333333      -0.205347162996358     
   6.81621958333333        7.11249000000000      -0.193930062067956     
   7.11249000000000       2.000000000000000E-003 -0.203968844667636     
   7.11249000000000       0.298270416666667      -0.213058881587493     
   7.11249000000000       0.594540833333333      -0.218647346221928     
   7.11249000000000       0.890811250000000      -0.222990956556028     
   7.11249000000000        1.18708166666667      -0.227657320648766     
   7.11249000000000        1.48335208333333      -0.233070562889820     
   7.11249000000000        1.77962250000000      -0.239273085938246     
   7.11249000000000        2.07589291666667      -0.246000022693322     
   7.11249000000000        2.37216333333333      -0.252745460847192     
   7.11249000000000        2.66843375000000      -0.258813678058093     
   7.11249000000000        2.96470416666667      -0.263664960260350     
   7.11249000000000        3.26097458333333      -0.266663251590194     
   7.11249000000000        3.55724500000000      -0.267272868256115     
   7.11249000000000        3.85351541666667      -0.265282902138181     
   7.11249000000000        4.14978583333333      -0.260893332654029     
   7.11249000000000        4.44605625000000      -0.254620854872471     
   7.11249000000000        4.74232666666667      -0.247075146683562     
   7.11249000000000        5.03859708333333      -0.238770409129801     
   7.11249000000000        5.33486750000000      -0.230372213722743     
   7.11249000000000        5.63113791666667      -0.222387462188263     
   7.11249000000000        5.92740833333333      -0.215087203762994     
   7.11249000000000        6.22367875000000      -0.208425044386168     
   7.11249000000000        6.51994916666667      -0.201936396838451     
   7.11249000000000        6.81621958333333      -0.194009900473825     
   7.11249000000000        7.11249000000000      -0.182837357633627     
